5.1943750000000005E-8
2.3087037037037037E-8
2.05625E-8
1.4849999999999999E-8
2.2831481481481485E-8
1.340860058309038E-8
1.355517578125E-8
1.2598628257887517E-8
1.2232049999999998E-8
1.1875281743050341E-8
9.138975694444444E-9
1.7276741010468822E-9
1.903225218658892E-9
1.6541333333333337E-9
1.5996948242187502E-9
1.6015367392631796E-9
1.5653292181069958E-9
1.601589152937746E-9
1.5497812500000002E-9
2.261683403520139E-9
1.5260471450037563E-9
1.5381893646749406E-9
1.4941080729166668E-9
1.5125056000000002E-9
1.50460855712335E-9
1.4793781435756744E-9
1.5757311406705538E-9
1.8005412276026078E-9
1.5576685185185186E-9
1.169938907723809E-9
3.719389343261719E-9
7.431936444333139E-10
7.500190820272747E-10
7.566915451895044E-10
7.65144890260631E-10
9.145322093459422E-10
9.896304125965886E-10
1.1076358333754786E-9
8.140679687500001E-10
7.830777266725671E-10
7.374399362919771E-10
7.76732866288503E-10
8.433579075882796E-10
7.3440768175583E-10
7.40487589381113E-10
1.1880344432351214E-9
9.846724898726851E-10
7.300304294979132E-10
7.354176000000001E-10
7.560757174842256E-10
7.54373150887574E-10
7.361079951906607E-10
7.345863181425596E-10
7.390380165289256E-10
7.412465265123907E-10
7.275237184990793E-10
7.527338144245357E-10
8.249799151812017E-10
8.103245370370371E-10
7.585502751331611E-10
7.276075408680474E-10
7.713449871424174E-10
7.29039192199707E-10
7.302071916249433E-10
7.2787221387428E-10
7.686761669487273E-10
7.416924804091187E-10
7.294762091753956E-10
7.537052478134111E-10
7.471534822902902E-10
7.945035204475309E-10
9.435514386260757E-10
7.913610743687443E-10
7.64428325925926E-10
7.293787131870536E-10
7.369216464089124E-10
7.744749785060436E-10
7.382986944237678E-10
7.4226103515625E-10
7.511318283685301E-10
7.554660408293554E-10
7.452287302789325E-10
7.74858614080553E-10
7.575532668430694E-10
8.144334775554355E-10
7.353625571941206E-10
7.916442641810668E-10
7.638827381062148E-10
7.626639231824418E-10
7.947465467752873E-10
7.634722764444811E-10
7.603772951562553E-10
7.423214870500757E-10
1.2834488992564513E-9
1.2812730577256947E-9
1.4964409487297202E-9
1.3416664187540906E-9
1.7325654257089828E-9
8.956525999999999E-10
1.2268380308278843E-9
1.307024918771815E-9
1.2550501177329745E-9