7.79125E-8
3.3350000000000004E-8
3.0303125E-8
2.36048E-8
2.1612731481481483E-8
2.1607142857142863E-8
2.1239160156250004E-8
2.0199657064471875E-8
2.0183550000000003E-8
1.9983020285499626E-8
1.1944849537037037E-8
3.140054619936277E-9
3.3773870262390677E-9
3.0209333333333335E-9
2.9727783203125003E-9
2.802676572359048E-9
2.866983882030178E-9
2.930521941974049E-9
2.8952375000000005E-9
2.9123636756289823E-9
2.787988354620586E-9
2.8145023424015777E-9
2.8689597800925928E-9
3.0312096E-9
3.166849681383705E-9
3.0840344459686024E-9
2.6819606413994176E-9
2.2651584730821276E-9
9.260870370370371E-10
7.532996542579975E-10
7.727920532226563E-10
7.451220190889612E-10
7.704610217789539E-10
1.1715510204081633E-9
1.1834983710562415E-9
1.140976842437763E-9
1.0817766802740924E-9
1.1529408789763821E-9
1.17056171875E-9
1.1283875741791326E-9
1.1616915019976246E-9
1.1635321418239904E-9
1.014111218069121E-9
7.663314128943758E-10
7.417687186652422E-10
1.1604153222311049E-9
1.1566537362557873E-9
1.1502690205611608E-9
1.1679568000000002E-9
1.093908451500554E-9
8.313172081247157E-10
7.556469434499621E-10
7.59483119951227E-10
7.483633358377161E-10
7.400632630284257E-10
7.926762890606017E-10
7.515268153675837E-10
8.236311891673444E-10
9.357055555555556E-10
7.481137187694124E-10
7.821869440435031E-10
7.340050070586731E-10
7.343231201171876E-10
7.591104233045062E-10
7.605893647215962E-10
7.672943480414812E-10
7.676858589456545E-10
7.615668063888662E-10
9.91585860058309E-10
7.835745478624575E-10
7.523418745713307E-10
7.786781811591781E-10
7.513981156101317E-10
7.957212444444444E-10
7.381830669558245E-10
7.40320195911358E-10
7.537781950134021E-10
7.419511438243222E-10
8.342251953125001E-10
1.13894910253443E-9
8.015189492317291E-10
1.0522115752893998E-9
9.817728579527052E-10
1.0676214939955221E-9
1.0104463286251524E-9
7.53201807736639E-10
7.721702432381668E-10
8.547061643845332E-10
8.00212620027435E-10
7.926142327663882E-10
8.204001474274679E-10
7.783401524447479E-10
7.904052449842521E-10
7.587755066336201E-10
7.446730437102142E-10
7.734695230383719E-10
7.655604276279442E-10
8.279564340476492E-10
7.387836E-10
7.45587211892447E-10
7.419650059177843E-10
7.496577827764849E-10