8.733125E-8
3.772962962962963E-8
2.6893750000000002E-8
2.2354800000000003E-8
1.9489814814814816E-8
1.8120699708454814E-8
1.7285937500000002E-8
1.677860082304527E-8
1.63795E-8
1.620270473328325E-8
1.499085648148148E-8
2.531634046426946E-9
4.445371720116618E-9
4.5220296296296305E-9
4.560791015625E-9
4.330633014451456E-9
4.409867969821674E-9
4.391923020848521E-9
4.294618750000001E-9
4.225024295432459E-9
4.348398760330579E-9
5.696017917317334E-9
4.186783854166668E-9
5.483113600000001E-9
4.057692307692308E-9
3.8711629324798045E-9
3.541326530612246E-9
2.330515806306122E-9
1.1640555555555556E-9
1.2019754288207847E-9
1.1552093505859377E-9
1.1517614158110026E-9
1.1580157235904743E-9
1.3245854227405248E-9
1.221205204046639E-9
1.1493702248632857E-9
1.209251530835399E-9
1.220510291812067E-9
1.20625E-9
1.2186278492767082E-9
1.2095312331281718E-9
1.2227388783377564E-9
1.8473269628099172E-9
1.2383555555555558E-9
1.2067472466507769E-9
1.916970228176801E-9
1.3066320348668979E-9
1.2226848506999638E-9
1.1934188E-9
1.1953268350785144E-9
1.1957978920118344E-9
1.1774750297225226E-9
1.1831901259970535E-9
1.1809334335086402E-9
1.1787801225400875E-9
1.1803040611686187E-9
1.1788977612858257E-9
1.2078406263542037E-9
1.2016349537037037E-9
1.174560205479754E-9
1.1685548907388135E-9
1.1728633016992807E-9
1.1670095443725587E-9
1.1638714610832953E-9
1.1629855719731753E-9
1.1708624398612863E-9
1.169207014553226E-9
1.1603520755900144E-9
1.1633000000000001E-9
1.189973485028401E-9
1.1574299125514405E-9
1.1579842269103923E-9
1.157864045564922E-9
1.1645079703703705E-9
1.209169066190407E-9
1.1575202668810358E-9
1.155422271953337E-9
1.1576039623640322E-9
1.1603426757812501E-9
1.154822642588735E-9
1.186131857489009E-9
1.1595190166967772E-9
1.1537830856548968E-9
1.1536771015672707E-9
1.152774912900751E-9
1.1814569561566158E-9
1.1544906467176938E-9
1.1555541449340325E-9
1.1553649519890265E-9
1.1678795362348074E-9
1.190870990692036E-9
1.156631756794558E-9
1.1543408011712243E-9
1.1550812654905963E-9
1.1727808634440106E-9
1.15790052954344E-9
1.1576673516136987E-9
1.1484489832515547E-9
1.1845155000000002E-9
1.1575720105095503E-9
1.1580856910238146E-9
1.1570820067592364E-9