2.500000e-08
5.555556e-09
3.125000e-09
2.800000e-09
2.083333e-09
1.311953e-09
1.171875e-09
1.371742e-09
1.000000e-09
1.089406e-09
9.837963e-10
1.502048e-09
9.110787e-10
9.333333e-10
9.155273e-10
9.057602e-10
8.744856e-10
9.039219e-10
8.937500e-10
8.800346e-10
8.827949e-10
8.753185e-10
8.752894e-10
8.704000e-10
8.875740e-10
8.662297e-10
8.655248e-10
8.671942e-10
9.018519e-10
9.986237e-10
1.017761e-09
9.989704e-10
1.013892e-09
1.014577e-09
1.018090e-09
9.308432e-10
9.959542e-10
1.002208e-09
9.320313e-10
9.438342e-10
9.812655e-10
9.640661e-10
9.585133e-10
9.646091e-10
9.343922e-10
9.227243e-10
8.689598e-10
8.720856e-10
8.608000e-10
8.714597e-10
8.616153e-10
8.214835e-10
8.341589e-10
8.114200e-10
8.242415e-10
7.889067e-10
7.775022e-10
7.697963e-10
7.803241e-10
7.443354e-10
7.418348e-10
7.364615e-10
7.196426e-10
7.016841e-10
7.036620e-10
6.870858e-10
6.740726e-10
6.654308e-10
6.516035e-10
6.445737e-10
6.451475e-10
6.099990e-10
6.159556e-10
5.999407e-10
5.934265e-10
5.848427e-10
5.715917e-10
5.199386e-10
5.232422e-10
5.589520e-10
4.920489e-10
5.142649e-10
5.026118e-10
4.981071e-10
4.887148e-10
4.841284e-10
4.733137e-10
4.705171e-10
4.593964e-10
4.501235e-10
4.451719e-10
4.632893e-10
4.340922e-10
4.221607e-10
4.243074e-10
4.308772e-10
4.481020e-10
4.434200e-10
4.336500e-10