1.875000e-08
7.407407e-09
2.343750e-09
1.600000e-09
2.314815e-09
2.186589e-09
1.171875e-09
1.028807e-09
1.000000e-09
9.391435e-10
1.012731e-09
1.024124e-09
9.293003e-10
9.629630e-10
8.911133e-10
9.769998e-10
9.945130e-10
8.966322e-10
8.937500e-10
8.908325e-10
8.640120e-10
8.917564e-10
8.752894e-10
9.152000e-10
8.733500e-10
8.713103e-10
8.905794e-10
8.774447e-10
8.685185e-10
9.768051e-10
1.014709e-09
1.000362e-09
1.012620e-09
1.011079e-09
9.998714e-10
8.775393e-10
9.485712e-10
9.347764e-10
9.445313e-10
9.198938e-10
9.360490e-10
9.269624e-10
9.444262e-10
9.272977e-10
8.712090e-10
8.947921e-10
8.915654e-10
8.950352e-10
8.796000e-10
8.703289e-10
8.224994e-10
8.292080e-10
2.500000e-08
5.555556e-09
3.125000e-09
2.800000e-09
2.083333e-09
1.311953e-09
1.171875e-09
1.371742e-09
1.000000e-09
1.089406e-09
9.837963e-10
1.502048e-09
9.110787e-10
9.333333e-10
9.155273e-10
9.057602e-10
8.744856e-10
9.039219e-10
8.937500e-10
8.800346e-10
8.827949e-10
8.753185e-10
8.752894e-10
8.704000e-10
8.875740e-10
8.662297e-10
8.655248e-10
8.671942e-10
9.018519e-10
9.986237e-10
1.017761e-09
9.989704e-10
1.013892e-09
1.014577e-09
1.018090e-09
9.308432e-10
9.959542e-10
1.002208e-09
9.320313e-10
9.438342e-10
9.812655e-10
9.640661e-10
9.585133e-10
9.646091e-10
9.343922e-10
9.227243e-10
8.689598e-10
8.720856e-10