1.875000e-08
7.407407e-09
2.343750e-09
1.600000e-09
2.314815e-09
2.186589e-09
1.171875e-09
1.028807e-09
1.000000e-09
9.391435e-10
1.012731e-09
1.024124e-09
9.293003e-10
9.629630e-10
8.911133e-10
9.769998e-10
9.945130e-10
8.966322e-10
8.937500e-10
8.908325e-10
8.640120e-10
8.917564e-10
8.752894e-10
9.152000e-10
8.733500e-10
8.713103e-10
8.905794e-10
8.774447e-10
8.685185e-10
9.768051e-10
1.014709e-09
1.000362e-09
1.012620e-09
1.011079e-09
9.998714e-10
8.775393e-10
9.485712e-10
9.347764e-10
9.445313e-10
9.198938e-10
9.360490e-10
9.269624e-10
9.444262e-10
9.272977e-10
8.712090e-10
8.947921e-10
8.915654e-10
8.950352e-10
8.796000e-10
8.703289e-10
8.224994e-10
8.292080e-10
8.189173e-10
8.138242e-10
8.105753e-10
7.718974e-10
7.831399e-10
7.780737e-10
7.590278e-10
7.467585e-10
7.500168e-10
7.396609e-10
7.123947e-10
6.987711e-10
6.989662e-10
6.736201e-10
6.774120e-10
6.631477e-10
6.448980e-10
6.482058e-10
6.297422e-10
6.155258e-10
6.183000e-10
5.918815e-10
5.945655e-10
5.707145e-10
5.743312e-10
5.632414e-10
5.519531e-10
5.408879e-10
5.364838e-10
5.280813e-10
5.183026e-10
5.047832e-10
4.978335e-10
4.891398e-10
4.835122e-10
4.756238e-10
4.744170e-10
4.599434e-10
4.560877e-10
4.729865e-10
4.399916e-10
4.355737e-10
4.259463e-10
4.250701e-10
4.341835e-10
4.289399e-10
4.261500e-10